function coefficients=f_watervalue()
coefficients=...
[1	    9.75	7.55	1.00	1.00	7.6
2	    9.75 	7.55	1.00	1.00	7.6
3	    9.55	7.55	1.00	1.00	7.6
4	    9.55	7.55	1.00	1.00	7.6
5	    9.50	6.50  	1.00	1.00	6.8

6	    8.80	6.30	1.00	1.00	6.3
7	    8.30	6.30	1.00	1.00	6.3
8	    7.40	6.30	1.00	1.00	6.3
9	    7.80	5.90	1.00	1.00	6.2

10	    4.30	5.60	1.00	1.00	5.7
11	    4.10	5.30	1.00	1.00	5.7
12	    4.30	5.40	1.00	1.00	5.6
13	    4.40	3.50	1.00	1.00	5.4
14	    4.40	3.10	1.00	1.00	5.6

15	    4.40	3.10	1.00	1.00	5.5
16	    3.50	3.90	1.00	1.00	5.5
17	    3.50	3.90	1.00	1.00	5.0
18	    4.00	3.90	1.00	1.00	5.2
19	    4.10	5.50	1.00	1.00	5.2

20	    4.00	4.50	1.00	1.00	4.8
21	    4.00	5.10	1.00	1.00	5.5
22	    4.10	5.90 	1.00	1.00	5.7
23	    4.00	5.80	1.00	1.00	5.9
24	    3.90	5.80	1.00	1.00	5.9

25	    3.90	6.80	1.00	1.00	6.2
26	    3.90	6.80	1.00	1.00	6.3
27	    4.10	6.80	1.00	1.00	6.5
28	    4.10	7.10	1.00	1.00	6.5

29	    3.90	7.10	1.00	1.00	6.8
30	    4.10	7.00	1.00	1.00	6.8
31	    4.20	7.20	1.00	1.00	6.8
32	    4.90	6.90	1.00	1.00	6.8
33	    5.00	6.80	1.00	1.00	6.9

34	    4.20	6.50	1.00	1.00	6.9
35	    4.20	6.50	1.00	1.00	6.9
36	    4.20	6.50	1.00	1.00	6.9
37	    4.20	6.50	1.00	1.00	6.9

38	    4.20	6.50	1.00	1.00	6.9
39	    3.90	6.50	1.00	1.00	6.9
40	    3.70	6.50	1.00	1.00	6.9
41	    3.70	6.30	1.00	1.00	6.7
42	    3.50	6.80	1.00	1.00	6.7

43	    3.00	6.80	1.00	1.00	6.1
44	    3.00	6.70	1.00	1.00	6.0
45	    2.90	6.70	1.00	1.00	6.0
46	    2.90	6.70	1.00	1.00	6.0
47	    2.90	6.60	1.00	1.00	6.0

48	    2.90	2.60	1.00	1.00	6.0
49	    2.90	2.60	1.00	1.00	5.7
50	    2.90	2.60	1.00	1.00	5.7
51	    2.90	2.60	1.00	1.00	5.8
52	    2.90	2.60	1.00	1.00	6.0];

coefficients=coefficients(:,2:6);